2 0.259113 0.203353 0.073781 0.023216
2 0.513175 0.186156 0.077734 0.026655
2 0.430171 0.738177 0.213878 0.191745
2 0.649978 0.499570 0.079051 0.022356
2 0.654589 0.708083 0.076856 0.024936
2 0.787220 0.809974 0.078612 0.027515
2 0.789416 0.600602 0.080369 0.026655
2 0.786781 0.386930 0.081247 0.024076
2 0.786122 0.169390 0.082565 0.024076
2 0.647563 0.288048 0.079491 0.025795
2 0.385156 0.303095 0.076416 0.026655
2 0.266140 0.408856 0.072025 0.024936
2 0.263944 0.610060 0.044796 0.024936
2 0.270092 0.803955 0.046552 0.022356
