2 0.429208 0.737166 0.216276 0.197125
2 0.787625 0.809035 0.083612 0.032854
2 0.789298 0.601643 0.082497 0.032854
2 0.787068 0.38809 0.082497 0.032854
2 0.784281 0.167351 0.088071 0.030801
2 0.647715 0.285421 0.082497 0.032854
2 0.649944 0.498973 0.082497 0.032854
2 0.655518 0.705339 0.082497 0.034908
2 0.385173 0.299795 0.076923 0.032854
2 0.264771 0.407598 0.074693 0.034908
2 0.511706 0.184805 0.080268 0.032854
2 0.258082 0.202259 0.076923 0.030801
2 0.264166 0.608177 0.044693 0.030664
2 0.269354 0.803237 0.048683 0.025554
